# DATE: 2023-9-22    UNITS: lj   CONTRIBUTOR: Jacob
# Short-ranged modified harmonic potential for type A beads

HBOND_HARMONIC
N 1001 

1 1e-07 35.9213833897143 99.69942695691613
2 0.001 35.821749901531824 99.56754940803133
3 0.002 35.722248290898236 99.43567185914651
4 0.003 35.62287855781353 99.30379431026171
5 0.004 35.52364070227771 99.17191676137689
6 0.005 35.42453472429077 99.04003921249209
7 0.006 35.32556062385272 98.90816166360727
8 0.007 35.22671840096356 98.77628411472246
9 0.008 35.12800805562328 98.64440656583766
10 0.009000000000000001 35.029429587831885 98.51252901695284
11 0.01 34.930982997589375 98.38065146806804
12 0.011 34.83266828489575 98.24877391918322
13 0.012 34.73448544975101 98.11689637029842
14 0.013000000000000001 34.63643449215515 97.9850188214136
15 0.014 34.53851541210818 97.8531412725288
16 0.015 34.4407282096101 97.72126372364399
17 0.016 34.34307288466089 97.58938617475917
18 0.017 34.24554943726058 97.45750862587437
19 0.018000000000000002 34.14815786740915 97.32563107698955
20 0.019 34.0508981751066 97.19375352810475
21 0.02 33.953770360352934 97.06187597921993
22 0.021 33.85677442314815 96.92999843033513
23 0.022 33.75991036349227 96.79812088145032
24 0.023 33.66317818138526 96.6662433325655
25 0.024 33.56657787682713 96.5343657836807
26 0.025 33.4701094498179 96.40248823479588
27 0.026000000000000002 33.37377290035754 96.27061068591108
28 0.027 33.27756822844607 96.13873313702626
29 0.028 33.181495434083494 96.00685558814146
30 0.029 33.085554517269784 95.87497803925665
31 0.03 32.98974547800498 95.74310049037184
32 0.031 32.89406831628905 95.61122294148703
33 0.032 32.798523032122 95.47934539260221
34 0.033 32.70310962550384 95.34746784371741
35 0.034 32.60782809643457 95.2155902948326
36 0.035 32.51267844491418 95.08371274594779
37 0.036000000000000004 32.417660670942674 94.95183519706298
38 0.037 32.322774774520056 94.81995764817817
39 0.038 32.22802075564631 94.68808009929336
40 0.039 32.13339861432146 94.55620255040856
41 0.04 32.0389083505455 94.42432500152374
42 0.041 31.944549964318412 94.29244745263892
43 0.042 31.850323455640215 94.16056990375412
44 0.043000000000000003 31.756228824510906 94.0286923548693
45 0.044 31.662266070930478 93.8968148059845
46 0.045 31.56843519489894 93.76493725709969
47 0.046 31.47473619641628 93.63305970821489
48 0.047 31.381169075482504 93.50118215933007
49 0.048 31.287733832097622 93.36930461044525
50 0.049 31.194430466261615 93.23742706156045
51 0.05 31.101258977974496 93.10554951267564
52 0.051000000000000004 31.008219367236265 92.97367196379084
53 0.052000000000000005 30.915311634046915 92.84179441490602
54 0.053 30.822535778406454 92.70991686602122
55 0.054 30.729891800314874 92.5780393171364
56 0.055 30.637379699772183 92.4461617682516
57 0.056 30.544999476778372 92.31428421936678
58 0.057 30.45275113133345 92.18240667048197
59 0.058 30.36063466343741 92.05052912159717
60 0.059000000000000004 30.26865007309025 91.91865157271235
61 0.06 30.176797360291985 91.78677402382755
62 0.061 30.08507652504261 91.65489647494275
63 0.062 29.993487567342097 91.52301892605793
64 0.063 29.90203048719049 91.39114137717313
65 0.064 29.81070528458775 91.25926382828831
66 0.065 29.719511959533914 91.12738627940351
67 0.066 29.62845051202894 90.99550873051868
68 0.067 29.537520942072877 90.86363118163389
69 0.068 29.446723249665677 90.73175363274906
70 0.069 29.35605743480738 90.59987608386427
71 0.07 29.265523497497945 90.46799853497944
72 0.07100000000000001 29.17512143773742 90.33612098609466
73 0.07200000000000001 29.08485125552576 90.20424343720983
74 0.073 28.994712950863 90.07236588832502
75 0.074 28.90470652374912 89.94048833944022
76 0.075 28.81483197418412 89.8086107905554
77 0.076 28.72508930216801 89.6767332416706
78 0.077 28.63547850770078 89.54485569278579
79 0.078 28.545999590782433 89.41297814390099
80 0.079 28.456652551412976 89.28110059501617
81 0.08 28.3674373895924 89.14922304613137
82 0.081 28.278354105320712 89.01734549724655
83 0.082 28.18940269859791 88.88546794836174
84 0.083 28.10058316942399 88.75359039947693
85 0.084 28.011895517798955 88.62171285059212
86 0.085 27.923339743722806 88.48983530170732
87 0.08600000000000001 27.834915847195543 88.3579577528225
88 0.08700000000000001 27.74662382821716 88.2260802039377
89 0.088 27.658463686787666 88.09420265505288
90 0.089 27.570435422907053 87.96232510616808
91 0.09 27.48253903657533 87.83044755728326
92 0.091 27.394774527792485 87.69857000839845
93 0.092 27.307141896558534 87.56669245951365
94 0.093 27.21964114287346 87.43481491062883
95 0.094 27.13227226673727 87.30293736174403
96 0.095 27.045035268149974 87.17105981285921
97 0.096 26.957930147111554 87.03918226397441
98 0.097 26.870956903622023 86.9073047150896
99 0.098 26.784115537681373 86.77542716620478
100 0.099 26.697406049289615 86.64354961731998
101 0.1 26.610828438446735 86.51167206843516
102 0.101 26.524382705152743 86.37979451955036
103 0.10200000000000001 26.438068849407635 86.24791697066554
104 0.10300000000000001 26.351886871211413 86.11603942178074
105 0.10400000000000001 26.26583677056407 85.98416187289592
106 0.105 26.17991854746562 85.85228432401112
107 0.106 26.09413220191605 85.7204067751263
108 0.107 26.008477733915367 85.58852922624149
109 0.108 25.922955143463565 85.45665167735669
110 0.109 25.83756443056065 85.32477412847187
111 0.11 25.75230559520662 85.19289657958707
112 0.111 25.66717863740148 85.06101903070225
113 0.112 25.58218355714522 84.92914148181745
114 0.113 25.497320354437843 84.79726393293264
115 0.114 25.412589029279353 84.66538638404784
116 0.115 25.327989581669748 84.53350883516302
117 0.116 25.243522011609027 84.4016312862782
118 0.117 25.159186319097188 84.2697537373934
119 0.11800000000000001 25.07498250413424 84.13787618850859
120 0.11900000000000001 24.99091056672017 84.00599863962378
121 0.12 24.906970506854993 83.87412109073897
122 0.121 24.823162324538696 83.74224354185417
123 0.122 24.739486019771284 83.61036599296935
124 0.123 24.655941592552757 83.47848844408453
125 0.124 24.572529042883115 83.34661089519973
126 0.125 24.489248370762354 83.21473334631492
127 0.126 24.406099576190485 83.08285579743011
128 0.127 24.323082659167497 82.9509782485453
129 0.128 24.240197619693394 82.8191006996605
130 0.129 24.157444457768175 82.68722315077568
131 0.13 24.07482317339184 82.55534560189088
132 0.131 23.992333766564393 82.42346805300606
133 0.132 23.90997623728583 82.29159050412125
134 0.133 23.827750585556153 82.15971295523644
135 0.134 23.74565681137536 82.02783540635163
136 0.135 23.66369491474345 81.89595785746683
137 0.136 23.581864895660424 81.76408030858201
138 0.137 23.500166754126283 81.63220275969721
139 0.138 23.418600490141028 81.50032521081239
140 0.139 23.33716610370466 81.36844766192759
141 0.14 23.255863594817175 81.23657011304277
142 0.14100000000000001 23.174692963478574 81.10469256415796
143 0.14200000000000002 23.093654209688857 80.97281501527316
144 0.14300000000000002 23.012747333448026 80.84093746638834
145 0.14400000000000002 22.93197233475608 80.70905991750354
146 0.145 22.851329213613017 80.57718236861872
147 0.146 22.770817970018843 80.44530481973392
148 0.147 22.69043860397355 80.3134272708491
149 0.148 22.610191115477146 80.18154972196429
150 0.149 22.530075504529623 80.04967217307949
151 0.15 22.45009177113099 79.91779462419467
152 0.151 22.370239915281232 79.78591707530987
153 0.152 22.290519936980367 79.65403952642505
154 0.153 22.210931836228383 79.52216197754025
155 0.154 22.131475613025284 79.39028442865543
156 0.155 22.052151267371073 79.25840687977063
157 0.156 21.972958799265744 79.12652933088582
158 0.157 21.8938982087093 78.994651782001
159 0.158 21.814969495701742 78.8627742331162
160 0.159 21.736172660243067 78.73089668423138
161 0.16 21.65750770233328 78.59901913534658
162 0.161 21.578974621972375 78.46714158646176
163 0.162 21.500573419160357 78.33526403757696
164 0.163 21.42230409389722 78.20338648869215
165 0.164 21.34416664618297 78.07150893980734
166 0.165 21.266161076017603 77.93963139092253
167 0.166 21.188287383401125 77.80775384203771
168 0.167 21.11054556833353 77.67587629315291
169 0.168 21.03293563081482 77.5439987442681
170 0.169 20.95545757084499 77.41212119538329
171 0.17 20.878111388424053 77.28024364649848
172 0.171 20.800897083551995 77.14836609761367
173 0.17200000000000001 20.723814656228825 77.01648854872886
174 0.17300000000000001 20.646864106454537 76.88461099984404
175 0.17400000000000002 20.570045434229137 76.75273345095924
176 0.17500000000000002 20.493358639552618 76.62085590207442
177 0.176 20.416803722424998 76.48897835318964
178 0.177 20.34038068284624 76.3571008043048
179 0.178 20.264089520816388 76.22522325542002
180 0.179 20.1879302363354 76.09334570653519
181 0.18 20.111902829403316 75.9614681576504
182 0.181 20.0360073000201 75.82959060876557
183 0.182 19.960243648185788 75.69771305988077
184 0.183 19.884611873900337 75.56583551099595
185 0.184 19.809111977163795 75.43395796211115
186 0.185 19.733743957976117 75.30208041322634
187 0.186 19.65850781633734 75.17020286434153
188 0.187 19.583403552247432 75.03832531545672
189 0.188 19.508431165706426 74.90644776657192
190 0.189 19.43359065671429 74.7745702176871
191 0.19 19.358882025271054 74.6426926688023
192 0.191 19.28430527137668 74.51081511991747
193 0.192 19.209860395031214 74.37893757103268
194 0.193 19.135547396234617 74.24706002214785
195 0.194 19.06136627498692 74.11518247326306
196 0.195 18.98731703128809 73.98330492437823
197 0.196 18.91339966513816 73.85142737549344
198 0.197 18.839614176537108 73.71954982660861
199 0.198 18.76596056548495 73.58767227772381
200 0.199 18.692438831981658 73.455794728839
201 0.2 18.61904897602727 73.3239171799542
202 0.201 18.54579099762175 73.19203963106938
203 0.202 18.47266489676513 73.06016208218458
204 0.203 18.39967067345738 72.92828453329976
205 0.20400000000000001 18.32680832769853 72.79640698441496
206 0.20500000000000002 18.25407785948855 72.66452943553014
207 0.20600000000000002 18.18147926882747 72.53265188664534
208 0.20700000000000002 18.109012555715257 72.40077433776051
209 0.20800000000000002 18.03667772015195 72.26889678887572
210 0.209 17.964474762137517 72.1370192399909
211 0.21 17.892403681671965 72.0051416911061
212 0.211 17.8204644787553 71.87326414222129
213 0.212 17.748657153387523 71.74138659333649
214 0.213 17.67698170556863 71.60950904445167
215 0.214 17.60543813529862 71.47763149556687
216 0.215 17.534026442577495 71.34575394668205
217 0.216 17.462746627405256 71.21387639779724
218 0.217 17.3915986897819 71.08199884891243
219 0.218 17.32058262970743 70.95012130002762
220 0.219 17.249698447181846 70.81824375114282
221 0.22 17.178946142205145 70.686366202258
222 0.221 17.10832571477733 70.5544886533732
223 0.222 17.0378371648984 70.42261110448838
224 0.223 16.967480492568352 70.29073355560357
225 0.224 16.897255697787195 70.15885600671876
226 0.225 16.827162780554914 70.02697845783395
227 0.226 16.757201740871523 69.89510090894915
228 0.227 16.687372578737016 69.76322336006433
229 0.228 16.617675294151397 69.63134581117953
230 0.229 16.548109887114656 69.49946826229471
231 0.23 16.478676357626806 69.36759071340991
232 0.231 16.409374705687835 69.2357131645251
233 0.232 16.340204931297755 69.10383561564028
234 0.233 16.271167034456557 68.97195806675548
235 0.234 16.202261015164243 68.84008051787066
236 0.23500000000000001 16.133486873420818 68.70820296898586
237 0.23600000000000002 16.064844609226274 68.57632542010104
238 0.23700000000000002 15.996334222580614 68.44444787121624
239 0.23800000000000002 15.92795571348384 68.31257032233142
240 0.23900000000000002 15.85970908193595 68.18069277344662
241 0.24 15.791594327936945 68.0488152245618
242 0.241 15.723611451486825 67.91693767567699
243 0.242 15.65576045258559 67.78506012679219
244 0.243 15.588041331233239 67.65318257790737
245 0.244 15.520454087429776 67.52130502902257
246 0.245 15.452998721175195 67.38942748013775
247 0.246 15.385675232469502 67.25754993125295
248 0.247 15.31848362131269 67.12567238236814
249 0.248 15.251423887704764 66.99379483348332
250 0.249 15.184496031645725 66.86191728459852
251 0.25 15.117700053135568 66.7300397357137
252 0.251 15.051035952174296 66.5981621868289
253 0.252 14.984503728761911 66.46628463794409
254 0.253 14.918103382898408 66.33440708905928
255 0.254 14.85183491458379 66.20252954017447
256 0.255 14.785698323818057 66.07065199128967
257 0.256 14.719693610601212 65.93877444240485
258 0.257 14.653820774933248 65.80689689352003
259 0.258 14.588079816814172 65.67501934463523
260 0.259 14.522470736243978 65.54314179575042
261 0.26 14.456993533222668 65.41126424686561
262 0.261 14.391648207750247 65.2793866979808
263 0.262 14.32643475982671 65.147509149096
264 0.263 14.261353189452056 65.01563160021118
265 0.264 14.196403496626287 64.88375405132638
266 0.265 14.131585681349403 64.75187650244156
267 0.266 14.066899743621402 64.61999895355675
268 0.267 14.00234568344229 64.48812140467194
269 0.268 13.93792350081206 64.35624385578713
270 0.269 13.873633195730715 64.22436630690233
271 0.27 13.809474768198255 64.09248875801751
272 0.271 13.74544821821468 63.9606112091327
273 0.272 13.68155354577999 63.82873366024789
274 0.273 13.617790750894184 63.69685611136308
275 0.274 13.554159833557263 63.564978562478274
276 0.275 13.490660793769226 63.433101013593465
277 0.276 13.427293631530077 63.301223464708656
278 0.277 13.364058346839808 63.16934591582384
279 0.278 13.300954939698428 63.03746836693903
280 0.279 13.237983410105931 62.90559081805422
281 0.28 13.175143758062319 62.77371326916941
282 0.281 13.112435983567593 62.641835720284604
283 0.28200000000000003 13.04986008662175 62.509958171399795
284 0.28300000000000003 12.987416067224792 62.378080622514986
285 0.28400000000000003 12.925103925376721 62.24620307363018
286 0.28500000000000003 12.862923661077533 62.11432552474537
287 0.28600000000000003 12.800875274327229 61.98244797586055
288 0.28700000000000003 12.73895876512581 61.85057042697574
289 0.28800000000000003 12.677174133473278 61.718692878090934
290 0.289 12.615521379369632 61.58681532920613
291 0.29 12.554000502814867 61.45493778032132
292 0.291 12.49261150380899 61.323060231436514
293 0.292 12.431354382351994 61.191182682551705
294 0.293 12.370229138443886 61.059305133666896
295 0.294 12.309235772084662 60.92742758478208
296 0.295 12.248374283274321 60.79555003589727
297 0.296 12.187644672012865 60.66367248701246
298 0.297 12.127046938300296 60.53179493812765
299 0.298 12.06658108213661 60.399917389242844
300 0.299 12.00624710352181 60.268039840358036
301 0.3 11.946045002455895 60.13616229147323
302 0.301 11.885974778938865 60.00428474258842
303 0.302 11.826036432970719 59.8724071937036
304 0.303 11.766229964551457 59.74052964481879
305 0.304 11.70655537368108 59.608652095933984
306 0.305 11.647012660359588 59.476774547049175
307 0.306 11.587601824586983 59.344896998164366
308 0.307 11.52832286636326 59.21301944927956
309 0.308 11.469175785688424 59.08114190039475
310 0.309 11.41016058256247 58.94926435150994
311 0.31 11.351277256985403 58.81738680262513
312 0.311 11.29252580895722 58.685509253740314
313 0.312 11.233906238477923 58.553631704855505
314 0.313 11.17541854554751 58.421754155970696
315 0.314 11.117062730165982 58.28987660708589
316 0.315 11.058838792333338 58.15799905820108
317 0.316 11.000746732049578 58.02612150931627
318 0.317 10.942786549314704 57.89424396043146
319 0.318 10.884958244128715 57.76236641154665
320 0.319 10.82726181649161 57.630488862661835
321 0.32 10.76969726640339 57.498611313777026
322 0.321 10.712264593864058 57.36673376489222
323 0.322 10.654963798873608 57.23485621600741
324 0.323 10.59779488143204 57.1029786671226
325 0.324 10.54075784153936 56.97110111823779
326 0.325 10.483852679195566 56.83922356935298
327 0.326 10.427079394400655 56.70734602046817
328 0.327 10.370437987154629 56.575468471583356
329 0.328 10.313928457457488 56.44359092269855
330 0.329 10.257550805309233 56.31171337381374
331 0.33 10.201305030709861 56.17983582492893
332 0.331 10.145191133659374 56.04795827604412
333 0.332 10.089209114157773 55.91608072715931
334 0.333 10.033358972205056 55.7842031782745
335 0.334 9.977640707801225 55.65232562938969
336 0.335 9.922054320946277 55.520448080504885
337 0.336 9.866599811640214 55.38857053162007
338 0.337 9.811277179883037 55.25669298273526
339 0.338 9.756086425674743 55.12481543385045
340 0.339 9.701027549015336 54.99293788496564
341 0.34 9.646100549904812 54.86106033608083
342 0.341 9.591305428343174 54.729182787196024
343 0.342 9.53664218433042 54.597305238311215
344 0.343 9.48211081786655 54.465427689426406
345 0.34400000000000003 9.427711328951567 54.33355014054159
346 0.34500000000000003 9.373443717585468 54.20167259165678
347 0.34600000000000003 9.319307983768253 54.06979504277197
348 0.34700000000000003 9.265304127499924 53.93791749388716
349 0.34800000000000003 9.211432148780478 53.806039945002354
350 0.34900000000000003 9.15769204760992 53.674162396117545
351 0.35000000000000003 9.104083823988244 53.542284847232736
352 0.35100000000000003 9.050607477915452 53.41040729834793
353 0.352 8.99726300939155 53.27852974946312
354 0.353 8.94405041841653 53.14665220057831
355 0.354 8.890969704990395 53.0147746516935
356 0.355 8.838020869113143 52.88289710280869
357 0.356 8.785203910784777 52.75101955392388
358 0.357 8.732518830005294 52.61914200503907
359 0.358 8.679965626774699 52.487264456154264
360 0.359 8.627544301092987 52.355386907269455
361 0.36 8.575254852960159 52.223509358384646
362 0.361 8.523097282376218 52.09163180949983
363 0.362 8.47107158934116 51.95975426061502
364 0.363 8.419177773854987 51.82787671173021
365 0.364 8.367415835917699 51.6959991628454
366 0.365 8.315785775529296 51.564121613960594
367 0.366 8.264287592689778 51.432244065075785
368 0.367 8.212921287399144 51.30036651619098
369 0.368 8.161686859657395 51.16848896730617
370 0.369 8.110584309464532 51.03661141842135
371 0.37 8.059613636820554 50.90473386953654
372 0.371 8.008774841725458 50.772856320651734
373 0.372 7.958067924179249 50.640978771766925
374 0.373 7.907492884181926 50.509101222882116
375 0.374 7.857049721733486 50.37722367399731
376 0.375 7.806738436833931 50.2453461251125
377 0.376 7.7565590294832605 50.11346857622769
378 0.377 7.706511499681475 49.98159102734287
379 0.378 7.656595847428576 49.849713478458064
380 0.379 7.606812072724559 49.717835929573255
381 0.38 7.557160175569428 49.585958380688446
382 0.381 7.507640155963181 49.45408083180364
383 0.382 7.458252013905821 49.32220328291883
384 0.383 7.408995749397344 49.19032573403402
385 0.384 7.359871362437754 49.05844818514921
386 0.385 7.310878853027046 48.9265706362644
387 0.386 7.262018221165223 48.794693087379585
388 0.387 7.213289466852287 48.662815538494776
389 0.388 7.164692590088234 48.53093798960997
390 0.389 7.116227590873067 48.39906044072516
391 0.39 7.0678944692067835 48.26718289184035
392 0.391 7.019693225089385 48.13530534295554
393 0.392 6.971623858520874 48.00342779407073
394 0.393 6.923686369501245 47.87155024518592
395 0.394 6.8758807580305 47.739672696301106
396 0.395 6.828207024108642 47.6077951474163
397 0.396 6.780665167735669 47.47591759853149
398 0.397 6.733255188911579 47.34404004964668
399 0.398 6.685977087636375 47.21216250076187
400 0.399 6.638830863910054 47.08028495187706
401 0.4 6.59181651773262 46.94840740299225
402 0.401 6.544934049104071 46.81652985410744
403 0.402 6.498183458024406 46.68465230522263
404 0.403 6.451564744493624 46.55277475633782
405 0.404 6.405077908511729 46.42089720745301
406 0.405 6.358722950078719 46.2890196585682
407 0.406 6.3124998691945935 46.15714210968339
408 0.40700000000000003 6.266408665859353 46.02526456079858
409 0.40800000000000003 6.220449340072997 45.893387011913774
410 0.40900000000000003 6.174621891835525 45.761509463028965
411 0.41000000000000003 6.128926321146938 45.629631914144156
412 0.41100000000000003 6.083362628007236 45.49775436525934
413 0.41200000000000003 6.03793081241642 45.36587681637453
414 0.41300000000000003 5.992630874374487 45.23399926748972
415 0.41400000000000003 5.94746281388144 45.10212171860491
416 0.41500000000000004 5.902426630937278 44.970244169720104
417 0.41600000000000004 5.857522325542 44.838366620835295
418 0.417 5.812749897695609 44.70648907195049
419 0.418 5.7681093473981 44.574611523065684
420 0.419 5.723600674649478 44.44273397418087
421 0.42 5.679223879449739 44.31085642529606
422 0.421 5.634978961798886 44.17897887641125
423 0.422 5.590865921696917 44.04710132752644
424 0.423 5.546884759143833 43.91522377864163
425 0.424 5.503035474139634 43.78334622975682
426 0.425 5.459318066684318 43.651468680872014
427 0.426 5.415732536777889 43.519591131987205
428 0.427 5.372278884420344 43.38771358310239
429 0.428 5.328957109611684 43.25583603421758
430 0.429 5.285767212351909 43.12395848533277
431 0.43 5.242709192641018 42.99208093644796
432 0.431 5.199783050479013 42.86020338756315
433 0.432 5.156988785865892 42.728325838678344
434 0.433 5.114326398801656 42.596448289793535
435 0.434 5.071795889286306 42.46457074090873
436 0.435 5.029397257319839 42.33269319202392
437 0.436 4.987130502902257 42.2008156431391
438 0.437 4.944995626033561 42.06893809425429
439 0.438 4.902992626713749 41.937060545369484
440 0.439 4.861121504942822 41.805182996484675
441 0.44 4.819382260720779 41.673305447599866
442 0.441 4.777774894047622 41.54142789871506
443 0.442 4.736299404923349 41.40955034983025
444 0.443 4.694955793347961 41.27767280094544
445 0.444 4.653744059321458 41.14579525206062
446 0.445 4.61266420284384 41.013917703175814
447 0.446 4.571716223915106 40.882040154291005
448 0.447 4.530900122535257 40.750162605406196
449 0.448 4.490215898704294 40.61828505652139
450 0.449 4.449663552422215 40.48640750763658
451 0.45 4.40924308368902 40.35452995875177
452 0.451 4.368954492504711 40.22265240986696
453 0.452 4.328797778869287 40.090774860982144
454 0.453 4.288772942782748 39.958897312097335
455 0.454 4.248879984245092 39.827019763212526
456 0.455 4.209118903256321 39.69514221432772
457 0.456 4.169489699816436 39.56326466544291
458 0.457 4.129992373925436 39.4313871165581
459 0.458 4.0906269255833205 39.29950956767329
460 0.459 4.05139335479009 39.16763201878848
461 0.46 4.012291661545743 39.03575446990367
462 0.461 3.9733218458502817 38.903876921018856
463 0.462 3.9344839077037053 38.77199937213405
464 0.463 3.8957778471060136 38.64012182324924
465 0.464 3.8572036640572067 38.50824427436443
466 0.465 3.8187613585572846 38.37636672547962
467 0.466 3.780450930606248 38.24448917659481
468 0.467 3.7422723802040947 38.11261162771
469 0.468 3.704225707350828 37.98073407882519
470 0.46900000000000003 3.666310912046444 37.84885652994038
471 0.47000000000000003 3.6285279942909456 37.71697898105557
472 0.47100000000000003 3.590876954084334 37.58510143217076
473 0.47200000000000003 3.5533577914266052 37.45322388328595
474 0.47300000000000003 3.5159705063177613 37.32134633440114
475 0.47400000000000003 3.478715098757802 37.18946878551633
476 0.47500000000000003 3.4415915687467287 37.057591236631524
477 0.47600000000000003 3.404599916284539 36.925713687746715
478 0.47700000000000004 3.367740141371235 36.7938361388619
479 0.47800000000000004 3.331012244006815 36.66195858997709
480 0.47900000000000004 3.2944162241912807 36.53008104109228
481 0.48 3.257952081924633 36.39820349220748
482 0.481 3.221619817206868 36.26632594332267
483 0.482 3.185419430037988 36.13444839443786
484 0.483 3.1493509204179917 36.00257084555305
485 0.484 3.113414288346881 35.87069329666824
486 0.485 3.0776095338246554 35.738815747783434
487 0.486 3.0419366568513144 35.60693819889862
488 0.487 3.006395657426858 35.47506065001381
489 0.488 2.9709865355512868 35.343183101129
490 0.489 2.9357092912246 35.21130555224419
491 0.49 2.900563924446799 35.07942800335938
492 0.491 2.865550435217881 34.94755045447457
493 0.492 2.8306688235378497 34.815672905589764
494 0.493 2.795919089406702 34.683795356704955
495 0.494 2.7613012328244393 34.55191780782014
496 0.495 2.7268152537910613 34.42004025893533
497 0.496 2.692461152306569 34.28816271005052
498 0.497 2.6582389283709604 34.15628516116571
499 0.498 2.6241485819842367 34.0244076122809
500 0.499 2.590190113146398 33.892530063396094
501 0.5 2.5563635218574445 33.760652514511285
502 0.501 2.522668808117376 33.62877496562648
503 0.502 2.4891059719261914 33.49689741674166
504 0.503 2.4556750132838925 33.36501986785685
505 0.504 2.4223759321904783 33.23314231897204
506 0.505 2.389208728645948 33.101264770087234
507 0.506 2.3561734026503034 32.969387221202425
508 0.507 2.3232699542035435 32.837509672317616
509 0.508 2.2904983833056676 32.70563212343281
510 0.509 2.257858689956678 32.573754574548
511 0.51 2.2253508741565717 32.44187702566319
512 0.511 2.192974935905351 32.30999947677837
513 0.512 2.160730875203015 32.178121927893564
514 0.513 2.1286186920495638 32.046244379008755
515 0.514 2.0966383864449973 31.914366830123946
516 0.515 2.0647899583893157 31.782489281239137
517 0.516 2.0330734078825197 31.650611732354328
518 0.517 2.0014887349246075 31.518734183469515
519 0.518 1.97003593951558 31.386856634584706
520 0.519 1.9387150216554379 31.254979085699897
521 0.52 1.9075259813441805 31.12310153681509
522 0.521 1.8764688185818075 30.991223987930276
523 0.522 1.8455435333683197 30.859346439045467
524 0.523 1.8147501257037162 30.727468890160658
525 0.524 1.784088595587998 30.59559134127585
526 0.525 1.7535589430211649 30.463713792391037
527 0.526 1.7231611680032157 30.331836243506228
528 0.527 1.6928952705341522 30.19995869462142
529 0.528 1.662761250613973 30.06808114573661
530 0.529 1.6327591082426791 29.936203596851797
531 0.53 1.6028888434202695 29.80432604796699
532 0.531 1.573150456146745 29.67244849908218
533 0.532 1.5435439464221055 29.54057095019737
534 0.533 1.5140693142463502 29.408693401312558
535 0.534 1.48472655961948 29.27681585242775
536 0.535 1.4555156825414948 29.14493830354294
537 0.536 1.4264366830123942 29.01306075465813
538 0.537 1.3974895610321785 28.881183205773322
539 0.538 1.3686743166008475 28.74930565688851
540 0.539 1.3399909497184013 28.6174281080037
541 0.54 1.3114394603848398 28.48555055911889
542 0.541 1.2830198486001636 28.353673010234083
543 0.542 1.2547321143643717 28.22179546134927
544 0.543 1.2265762576774646 28.08991791246446
545 0.544 1.1985522785394427 27.958040363579652
546 0.545 1.1706601769503056 27.826162814694843
547 0.546 1.1428999529100532 27.69428526581003
548 0.547 1.1152716064186852 27.56240771692522
549 0.548 1.0877751374762024 27.430530168040413
550 0.549 1.0604105460826043 27.298652619155604
551 0.55 1.033177832237891 27.16677507027079
552 0.551 1.006076995942063 27.034897521385982
553 0.552 0.9791080371951193 26.903019972501173
554 0.553 0.9522709559970604 26.771142423616364
555 0.554 0.9255657523478866 26.639264874731552
556 0.555 0.8989924262475977 26.507387325846743
557 0.556 0.8725509776961926 26.375509776961934
558 0.557 0.8462414066936736 26.243632228077125
559 0.558 0.8200637132400386 26.111754679192313
560 0.559 0.7940178973352887 25.979877130307504
561 0.56 0.7681039589794232 25.847999581422695
562 0.561 0.7423218981724433 25.716122032537886
563 0.562 0.7166717149143478 25.584244483653077
564 0.5630000000000001 0.6911534092051375 25.452366934768264
565 0.5640000000000001 0.665766981044811 25.320489385883455
566 0.5650000000000001 0.6405124304333698 25.188611836998646
567 0.5660000000000001 0.6153897573708138 25.056734288113837
568 0.5670000000000001 0.5903989618571426 24.924856739229025
569 0.5680000000000001 0.5655400438923557 24.792979190344216
570 0.5690000000000001 0.540813003476454 24.661101641459407
571 0.5700000000000001 0.5162178406094371 24.529224092574598
572 0.5710000000000001 0.4917545552913045 24.397346543689785
573 0.5720000000000001 0.46742314752205716 24.265468994804976
574 0.5730000000000001 0.4432236173016946 24.133591445920167
575 0.5740000000000001 0.4191559646302172 24.00171389703536
576 0.5750000000000001 0.3952201895076237 23.869836348150546
577 0.5760000000000001 0.3714162919339159 23.737958799265737
578 0.577 0.3477442719090946 23.606081250380942
579 0.578 0.32420412943315635 23.474203701496133
580 0.579 0.30079586450610285 23.342326152611324
581 0.58 0.2775194771279337 23.210448603726512
582 0.581 0.2543749672986497 23.078571054841703
583 0.582 0.23136233501825032 22.946693505956894
584 0.583 0.2084815802867357 22.814815957072085
585 0.584 0.18573270310410606 22.682938408187272
586 0.585 0.1631157034703612 22.551060859302464
587 0.586 0.1406305813855011 22.419183310417655
588 0.587 0.1182773368495258 22.287305761532846
589 0.588 0.09605596986243548 22.155428212648033
590 0.589 0.07396648042422971 22.023550663763224
591 0.59 0.052008868534908936 21.891673114878415
592 0.591 0.030183134194472938 21.759795565993606
593 0.592 0.008489277402921491 21.627918017108794
594 0.593 -0.01307270183974496 21.496040468223985
595 0.594 -0.034502803533526416 21.364162919339176
596 0.595 -0.0558010276784231 21.232285370454367
597 0.596 -0.07696737427443501 21.100407821569554
598 0.597 -0.09800184332156237 20.968530272684745
599 0.598 -0.1189044348198045 20.836652723799936
600 0.599 -0.13967514876916232 20.704775174915127
601 0.6 -0.16031398516963513 20.572897626030315
602 0.601 -0.18082094402122295 20.441020077145506
603 0.602 -0.201196025323926 20.309142528260697
604 0.603 -0.22143922907774427 20.177264979375888
605 0.604 -0.24155055528267777 20.04538743049108
606 0.605 -0.2615300039387265 19.913509881606267
607 0.606 -0.28137757504589045 19.781632332721458
608 0.607 -0.3010932686041694 19.64975478383665
609 0.608 -0.3206770846135636 19.51787723495184
610 0.609 -0.340129023074073 19.385999686067027
611 0.61 -0.35944908398569786 19.254122137182218
612 0.611 -0.3786372673484375 19.12224458829741
613 0.612 -0.3976935731622926 18.9903670394126
614 0.613 -0.4166180014272627 18.858489490527788
615 0.614 -0.43541055214334823 18.72661194164298
616 0.615 -0.454071225310549 18.59473439275817
617 0.616 -0.4726000209288648 18.46285684387336
618 0.617 -0.49099693899829555 18.33097929498855
619 0.618 -0.5092619795188418 18.19910174610374
620 0.619 -0.527395142490503 18.06722419721893
621 0.62 -0.5453964279132797 17.93534664833412
622 0.621 -0.5632658357871714 17.80346909944931
623 0.622 -0.5810033661121783 17.6715915505645
624 0.623 -0.5986090188883002 17.53971400167969
625 0.624 -0.6160827941155376 17.407836452794882
626 0.625 -0.6334246917938902 17.27595890391007
627 0.626 -0.6506347119233578 17.14408135502526
628 0.627 -0.6677128545039408 17.01220380614045
629 0.628 -0.6846591195356388 16.880326257255643
630 0.629 -0.7014735070184521 16.74844870837083
631 0.63 -0.7181560169523804 16.61657115948602
632 0.631 -0.7347066493374241 16.484693610601212
633 0.632 -0.7511254041735831 16.352816061716403
634 0.633 -0.7674122814608569 16.220938512831594
635 0.634 -0.7835672811992461 16.089060963946782
636 0.635 -0.7995904033887505 15.957183415061973
637 0.636 -0.8154816480293701 15.825305866177164
638 0.637 -0.8312410151211049 15.693428317292353
639 0.638 -0.8468685046639548 15.561550768407544
640 0.639 -0.86236411665792 15.429673219522734
641 0.64 -0.8777278511030004 15.297795670637925
642 0.641 -0.892959707999196 15.165918121753114
643 0.642 -0.9080596873465067 15.034040572868305
644 0.643 -0.9230277891449326 14.902163023983494
645 0.644 -0.9378640133944736 14.770285475098685
646 0.645 -0.9525683600951299 14.638407926213874
647 0.646 -0.9671408292469014 14.506530377329065
648 0.647 -0.9815814208497881 14.374652828444255
649 0.648 -0.99589013490379 14.242775279559446
650 0.649 -1.010066971408907 14.110897730674635
651 0.65 -1.0241119303651391 13.979020181789826
652 0.651 -1.0380250117724867 13.847142632905015
653 0.652 -1.0518062156309493 13.715265084020206
654 0.653 -1.0654555419405272 13.583387535135396
655 0.654 -1.07897299070122 13.451509986250587
656 0.655 -1.0923585619130283 13.319632437365776
657 0.656 -1.1056122555759518 13.187754888480967
658 0.657 -1.1187340716899903 13.055877339596156
659 0.658 -1.131724010255144 12.923999790711347
660 0.659 -1.144582071271413 12.792122241826538
661 0.66 -1.1573082547387972 12.660244692941728
662 0.661 -1.1699025606572966 12.528367144056919
663 0.662 -1.182364989026911 12.396489595172108
664 0.663 -1.1946955398476407 12.264612046287299
665 0.664 -1.2068942131194857 12.132734497402488
666 0.665 -1.2189610088424456 12.00085694851768
667 0.666 -1.230895927016521 11.868979399632869
668 0.667 -1.2426989676417115 11.73710185074806
669 0.668 -1.254370130718017 11.605224301863249
670 0.669 -1.265909416245438 11.47334675297844
671 0.67 -1.277316824223974 11.34146920409363
672 0.671 -1.2885923546536253 11.20959165520882
673 0.672 -1.2997360075343918 11.07771410632401
674 0.673 -1.3107477828662732 10.9458365574392
675 0.674 -1.3216276806492702 10.81395900855439
676 0.675 -1.332375700883382 10.68208145966958
677 0.676 -1.3429918435686092 10.55020391078477
678 0.677 -1.3534761087049516 10.418326361899961
679 0.678 -1.3638284962924092 10.28644881301515
680 0.679 -1.374049006330982 10.154571264130341
681 0.68 -1.3841376388206699 10.02269371524553
682 0.681 -1.3940943937614731 9.890816166360722
683 0.682 -1.4039192711533914 9.758938617475911
684 0.683 -1.413612270996425 9.627061068591102
685 0.684 -1.4231733932905737 9.495183519706291
686 0.685 -1.4326026380358374 9.363305970821482
687 0.686 -1.4419000052322166 9.231428421936672
688 0.687 -1.4510654948797108 9.099550873051863
689 0.6880000000000001 -1.4600991069783205 8.967673324167054
690 0.6890000000000001 -1.4690008415280449 8.835795775282243
691 0.6900000000000001 -1.477770698528885 8.703918226397434
692 0.6910000000000001 -1.4864086779808399 8.572040677512623
693 0.6920000000000001 -1.49491477988391 8.440163128627814
694 0.6930000000000001 -1.5032890042380955 8.308285579743004
695 0.6940000000000001 -1.511531351043396 8.176408030858195
696 0.6950000000000001 -1.5196418202998119 8.044530481973384
697 0.6960000000000001 -1.5276204120073429 7.912652933088574
698 0.6970000000000001 -1.5354671261659891 7.780775384203764
699 0.6980000000000001 -1.5431819627757504 7.648897835318954
700 0.6990000000000001 -1.550764921836627 7.517020286434144
701 0.7000000000000001 -1.5582160033486188 7.385142737549335
702 0.7010000000000001 -1.5655352073117257 7.253265188664526
703 0.7020000000000001 -1.5727225337259478 7.121387639779716
704 0.7030000000000001 -1.5797779825912852 6.989510090894906
705 0.704 -1.586701553907737 6.85763254201011
706 0.705 -1.5934932476753045 6.7257549931253005
707 0.706 -1.6001530638939876 6.593877444240491
708 0.707 -1.6066810025637857 6.461999895355681
709 0.708 -1.613077063684699 6.330122346470871
710 0.709 -1.6193412472567272 6.198244797586061
711 0.71 -1.625473553279871 6.066367248701251
712 0.711 -1.6314739817541297 5.934489699816441
713 0.712 -1.637342532679504 5.8026121509316315
714 0.713 -1.6430792060559931 5.670734602046822
715 0.714 -1.6486840018835975 5.538857053162012
716 0.715 -1.6541569201623172 5.406979504277203
717 0.716 -1.659497960892152 5.275101955392393
718 0.717 -1.664707124073102 5.143224406507583
719 0.718 -1.669784409705167 5.011346857622773
720 0.719 -1.6747298177883474 4.8794693087379635
721 0.72 -1.679543348322643 4.747591759853154
722 0.721 -1.6842250013080537 4.615714210968344
723 0.722 -1.6887747767445798 4.483836662083534
724 0.723 -1.693192674632221 4.351959113198724
725 0.724 -1.6974786949709773 4.220081564313914
726 0.725 -1.7016328377608487 4.088204015429104
727 0.726 -1.7056551030018354 3.9563264665442945
728 0.727 -1.7095454906939374 3.8244489176594847
729 0.728 -1.7133040008371545 3.692571368774675
730 0.729 -1.7169306334314867 3.560693819889865
731 0.73 -1.720425388476934 3.428816271005055
732 0.731 -1.7237882659734969 3.2969387221202453
733 0.732 -1.7270192659211747 3.1650611732354355
734 0.733 -1.7301183883199678 3.0331836243506256
735 0.734 -1.7330856331698758 2.9013060754658158
736 0.735 -1.7359210004708994 2.769428526581006
737 0.736 -1.7386244902230379 2.6375509776961965
738 0.737 -1.7411961024262916 2.5056734288113867
739 0.738 -1.7436358370806606 2.373795879926577
740 0.739 -1.7459436941861448 2.241918331041767
741 0.74 -1.7481196737427442 2.110040782156957
742 0.741 -1.750163775750459 1.9781632332721473
743 0.742 -1.7520760002092886 1.8462856843873374
744 0.743 -1.7538563471192334 1.7144081355025276
745 0.744 -1.7555048164802936 1.5825305866177177
746 0.745 -1.757021408292469 1.4506530377329079
747 0.746 -1.7584061225557595 1.3187754888480983
748 0.747 -1.759658959270165 1.1868979399632884
749 0.748 -1.760779918435686 1.0550203910784786
750 0.749 -1.761769000052322 0.9231428421936687
751 0.75 -1.7626262041200733 0.7912652933088589
752 0.751 -1.7633515306389398 0.6593877444240491
753 0.752 -1.7639449796089215 0.5275101955392393
754 0.753 -1.7644065510300182 0.39563264665442943
755 0.754 -1.7647362449022304 0.26375509776961964
756 0.755 -1.7649340612255575 0.13187754888480982
757 0.756 -1.765 -0.0
758 0.757 -1.764934129410992 -0.13167271322760232
759 0.758 -1.7647367926221784 -0.2629312797410238
760 0.759 -1.7644084071439585 -0.39376896809063844
761 0.76 -1.7639493972304248 -0.5241790223342566
762 0.761 -1.7633601939038748 -0.6541546620049089
763 0.762 -1.7626412349793408 -0.7836890820784672
764 0.763 -1.7617929650891802 -0.9127754529413421
765 0.764 -1.760815835707667 -1.04140692035819
766 0.765 -1.7597103051756349 -1.169576605439601
767 0.766 -1.7584768387251504 -1.2972776046097678
768 0.767 -1.7571159085042096 -1.424502989574174
769 0.768 -1.7556279936014778 -1.5512458072873019
770 0.769 -1.7540135800710526 -1.6774990799203164
771 0.77 -1.7522731609572688 -1.8032558048287313
772 0.771 -1.7504072363195242 -1.9285089545201293
773 0.772 -1.748416313257148 -2.053251476621823
774 0.773 -1.7463009059342953 -2.1774762938485366
775 0.774 -1.7440615356048756 -2.3011763039701543
776 0.775 -1.7416987306375133 -2.424344379779321
777 0.776 -1.739213026540548 -2.5469733690591894
778 0.777 -1.736604965987046 -2.669056094551102
779 0.778 -1.7338750988398746 -2.7905853539222525
780 0.779 -1.7310239821767768 -2.9115539197334064
781 0.78 -1.728052180315507 -3.0319545394065557
782 0.781 -1.7249602648389792 -3.151779935192643
783 0.782 -1.721748814620455 -3.2710228041392133
784 0.783 -1.7184184158487619 -3.3896758180581257
785 0.784 -1.7149696620535515 -3.507731623493253
786 0.785 -1.7114031541305743 -3.6251828416881127
787 0.786 -1.707719500367003 -3.7420220685536325
788 0.787 -1.7039193164667792 -3.858241874635783
789 0.788 -1.7000032255759945 -3.9738348050832757
790 0.789 -1.6959718583083017 -4.088793379615274
791 0.79 -1.691825852770366 -4.203110092489046
792 0.791 -1.6875658545873389 -4.316777412467687
793 0.792 -1.6831925169283664 -4.429787782787789
794 0.793 -1.678706500532139 -4.542133621127132
795 0.794 -1.6741084737324579 -4.653807319572359
796 0.795 -1.6693991124838525 -4.764801244586688
797 0.796 -1.664579100387207 -4.8751077369775935
798 0.797 -1.659649128715447 -4.984719111864475
799 0.798 -1.6546098964392284 -5.093627658646373
800 0.799 -1.6494621102526856 -5.201825640969639
801 0.8 -1.6442064845992006 -5.309305296695617
802 0.801 -1.6388437416971924 -5.416058837868353
803 0.802 -1.6333746115659622 -5.522078450682277
804 0.803 -1.6277998320515545 -5.627356295449873
805 0.804 -1.6221201488526575 -5.7318845065693935
806 0.805 -1.616336315546527 -5.8356551924925215
807 0.806 -1.6104490936149576 -5.938660435692086
808 0.807 -1.6044592524702734 -6.040892292629716
809 0.808 -1.5983675694813562 -6.142342793723569
810 0.809 -1.5921748299997038 -6.24300394331598
811 0.81 -1.5858818273855229 -6.342867719641175
812 0.811 -1.5794893630338542 -6.441926074792952
813 0.812 -1.5729982464007297 -6.540170934692361
814 0.8130000000000001 -1.5664092950293573 -6.637594199055418
815 0.8140000000000001 -1.5597233345763473 -6.73418774136074
816 0.8150000000000001 -1.5529411988379604 -6.829943408817303
817 0.8160000000000001 -1.5460637297764004 -6.924853022332075
818 0.8170000000000001 -1.5390917775461261 -7.0189083764777065
819 0.8180000000000001 -1.5320262005202057 -7.112101239460293
820 0.8190000000000001 -1.5248678653166978 -7.204423353086931
821 0.8200000000000001 -1.5176176468250644 -7.295866432733541
822 0.8210000000000001 -1.5102764282326255 -7.386422167312437
823 0.8220000000000001 -1.502845101051028 -7.476082219240143
824 0.8230000000000001 -1.4953245651427705 -7.564838224404932
825 0.8240000000000001 -1.4877157287477343 -7.65268179213466
826 0.8250000000000001 -1.4800195085097732 -7.7396045051643245
827 0.8260000000000001 -1.4722368295033066 -7.82559791960388
828 0.8270000000000001 -1.4643686252599815 -7.910653564905782
829 0.8280000000000001 -1.4564158377953227 -7.994762943832839
830 0.8290000000000001 -1.4483794176354623 -8.07791753242573
831 0.8300000000000001 -1.4402603238438567 -8.160108779970848
832 0.8310000000000001 -1.4320595240480722 -8.241328108967867
833 0.8320000000000001 -1.423777994466579 -8.3215669150975
834 0.833 -1.4154167199355911 -8.400816567189171
835 0.834 -1.4069766939359318 -8.479068407188683
836 0.835 -1.3984589186199348 -8.55631375012593
837 0.836 -1.3898644048383741 -8.632543884082581
838 0.837 -1.3811941721674295 -8.70775007015976
839 0.838 -1.3724492489356839 -8.781923542445725
840 0.839 -1.363630672251153 -8.855055507983588
841 0.84 -1.3547394880283443 -8.927137146738973
842 0.841 -1.3457767510153498 -8.998159611567718
843 0.842 -1.3367435248209774 -9.068114028183555
844 0.843 -1.3276408819419048 -9.136991495125805
845 0.844 -1.3184699037898704 -9.204783083727058
846 0.845 -1.3092316807188968 -9.271479838080872
847 0.846 -1.2999273120525472 -9.33707277500946
848 0.847 -1.2905579061112094 -9.401552884031366
849 0.848 -1.281124580239421 -9.464911127329152
850 0.849 -1.2716284608332162 -9.52713843971711
851 0.85 -1.2620706833675144 -9.58822572860893
852 0.851 -1.2524523924235316 -9.648163873985382
853 0.852 -1.2427747417162371 -9.706943728362026
854 0.853 -1.2330388941218293 -9.764556116756882
855 0.854 -1.2232460217052485 -9.820991836658123
856 0.855 -1.2133973057477285 -9.876241657991768
857 0.856 -1.2034939367743709 -9.930296323089367
858 0.857 -1.1935371145817533 -9.98314654665568
859 0.858 -1.1835280482655806 -10.034783015736375
860 0.859 -1.1734679562483494 -10.085196389685727
861 0.86 -1.1633580663070668 -10.134377300134274
862 0.861 -1.1531996156009812 -10.182316350956532
863 0.862 -1.142993850699358 -10.229004118238677
864 0.863 -1.1327420276092854 -10.274431150246231
865 0.864 -1.1224454118035103 -10.318587967391741
866 0.865 -1.1121052782483039 -10.361465062202486
867 0.866 -1.1017229114313698 -10.403052899288149
868 0.867 -1.0912996053897714 -10.443341915308514
869 0.868 -1.0808366637379032 -10.482322518941142
870 0.869 -1.070335399695486 -10.519985090849083
871 0.87 -1.059797136115596 -10.556319983648539
872 0.871 -1.0492232055127333 -10.591317521876555
873 0.872 -1.0386149500909125 -10.624968001958724
874 0.873 -1.0279737217717912 -10.657261692176863
875 0.874 -1.0173008822228313 -10.688188832636701
876 0.875 -1.0065978028854907 -10.717739635235564
877 0.876 -0.995865865003448 -10.745904283630075
878 0.877 -0.9851064596508565 -10.77267293320383
879 0.878 -0.9743209877606394 -10.798035711035089
880 0.879 -0.963510860152805 -10.82198271586447
881 0.88 -0.952677497562805 -10.84450401806263
882 0.881 -0.9418223306699184 -10.865589659597948
883 0.882 -0.9309468001256688 -10.885229654004236
884 0.883 -0.9200523565822801 -10.903413986348399
885 0.884 -0.9091404607211531 -10.920132613198136
886 0.885 -0.8982125832813858 -10.935375462589631
887 0.886 -0.8872702050883181 -10.949132433995239
888 0.887 -0.8763148170821136 -10.961393398291163
889 0.888 -0.8653479203463714 -10.972148197725158
890 0.889 -0.8543710261367695 -10.981386645884214
891 0.89 -0.8433856559097442 -10.989098527662241
892 0.891 -0.8323933413511965 -10.995273599227747
893 0.892 -0.8213956244052358 -10.999901587991555
894 0.893 -0.8103940573029531 -11.002972192574457
895 0.894 -0.7993902025912271 -11.004475082774931
896 0.895 -0.7883856331615626 -11.004399899536802
897 0.896 -0.777381932278959 -11.002736254916957
898 0.897 -0.7663806936108215 -10.999473732053014
899 0.898 -0.7553835212558844 -10.994601885131013
900 0.899 -0.7443920297731884 -10.988110239353112
901 0.9 -0.7334078442110784 -10.979988290905268
902 0.901 -0.7224326001362329 -10.970225506924924
903 0.902 -0.7114679436627307 -10.958811325468703
904 0.903 -0.7005155314811488 -10.945735155480094
905 0.904 -0.689577030887691 -10.930986376757135
906 0.905 -0.6786541198133481 -10.914554339920102
907 0.906 -0.6677484868530938 -10.89642836637921
908 0.907 -0.6568618312951097 -10.876597748302279
909 0.908 -0.6459958631500442 -10.85505174858244
910 0.909 -0.6351523031803044 -10.831779600805818
911 0.91 -0.6243328829293764 -10.806770509219215
912 0.911 -0.6135393447511844 -10.780013648697798
913 0.912 -0.602773441839475 -10.751498164712798
914 0.913 -0.5920369382572404 -10.721213173299187
915 0.914 -0.5813316089661696 -10.68914776102337
916 0.915 -0.570659239856131 -10.655290984950865
917 0.916 -0.5600216277746943 -10.619631872614018
918 0.917 -0.5494205805566733 -10.582159421979647
919 0.918 -0.5388579170537151 -10.542862601416772
920 0.919 -0.5283354671639067 -10.501730349664273
921 0.92 -0.5178550718614277 -10.458751575798606
922 0.921 -0.5074185832262236 -10.413915159201457
923 0.922 -0.4970278644737196 -10.367209949527458
924 0.923 -0.48668478998456477 -10.318624766671867
925 0.924 -0.47639124533440363 -10.268148400738246
926 0.925 -0.466149127323689 -10.215769612006165
927 0.926 -0.4559603440075175 -10.161477130898879
928 0.927 -0.4458268147255055 -10.10525965795102
929 0.928 -0.435750470131692 -10.047105863776284
930 0.929 -0.4257332522244755 -9.987004389035118
931 0.93 -0.41577711437658493 -9.924943844402401
932 0.931 -0.40588402136508134 -9.860912810535158
933 0.932 -0.39605594940139005 -9.79489983804022
934 0.933 -0.3862948861613677 -9.726893447441915
935 0.934 -0.37660283081540324 -9.65688212914978
936 0.935 -0.36698179405854287 -9.5848543434262
937 0.936 -0.35743379814066495 -9.510798520354186
938 0.937 -0.34796087689665783 -9.434703059804926
939 0.9380000000000001 -0.33856507577666867 -9.356556331405635
940 0.9390000000000001 -0.329248451876343 -9.276346674507076
941 0.9400000000000001 -0.320013073967136 -9.194062398151416
942 0.9410000000000001 -0.3108610225266213 -9.109691781039757
943 0.9420000000000001 -0.3017943897688613 -9.02322307149995
944 0.9430000000000001 -0.2928152796747852 -8.93464448745419
945 0.9440000000000001 -0.2839258080226217 -8.843944216386777
946 0.9450000000000001 -0.2751281024183421 -8.751110415311736
947 0.9460000000000001 -0.2664243023261576 -8.65613121074058
948 0.9470000000000001 -0.2578165590990278 -8.558994698649915
949 0.9480000000000001 -0.24930703600922108 -8.459688944449212
950 0.9490000000000001 -0.24089790827888882 -8.358201982948408
951 0.9500000000000001 -0.23259136311069067 -8.254521818325692
952 0.9510000000000001 -0.22438959971843225 -8.148636424095086
953 0.9520000000000001 -0.2162948293577563 -8.040533743074246
954 0.9530000000000001 -0.2083092753568424 -7.930201687352014
955 0.9540000000000001 -0.2004351731471677 -7.817628138256282
956 0.9550000000000001 -0.19267477029426727 -7.702800946321481
957 0.9560000000000001 -0.18503032652855844 -7.58570793125645
958 0.9570000000000001 -0.17750411377617079 -7.4663368819119835
959 0.9580000000000001 -0.17009841618983074 -7.344675556248642
960 0.9590000000000001 -0.16281553017975636 -7.220711681304283
961 0.96 -0.1556577644446102 -7.094432953161968
962 0.961 -0.14862744000245534 -6.965827036917402
963 0.962 -0.1417268902217725 -6.834881566646852
964 0.963 -0.1349584608524837 -6.701584145374625
965 0.964 -0.12832451005703144 -6.565922345040965
966 0.965 -0.12182740844146799 -6.42788370646952
967 0.966 -0.11546953908659988 -6.287455739335279
968 0.967 -0.1092532975791411 -6.144625922132006
969 0.968 -0.10318109204291832 -5.999381702140104
970 0.969 -0.09725534317009804 -5.851710495394246
971 0.97 -0.09147848425244776 -5.701599686651051
972 0.971 -0.0858529612126314 -5.5490366293568
973 0.972 -0.08038123263553466 -5.394008645615086
974 0.973 -0.07506576979962516 -5.236503026154552
975 0.974 -0.06990905670834206 -5.07650703029653
976 0.975 -0.06491359012152098 -4.914007885922766
977 0.976 -0.06008187958684844 -4.7489927894430775
978 0.977 -0.05541644747135114 -4.581448905763075
979 0.978 -0.050919828992915236 -4.4113633682518145
980 0.979 -0.046594572251840015 -4.238723278709516
981 0.98 -0.0424432382624222 -4.063515707335236
982 0.981 -0.038468400984573096 -3.885727692694534
983 0.982 -0.03467264735546972 -3.705346241687232
984 0.983 -0.031058577321234515 -3.5223583295150096
985 0.984 -0.02762880386865124 -3.336750899649152
986 0.985 -0.0243859530569112 -3.1485108637982364
987 0.986 -0.021332664049391725 -2.957625101875796
988 0.987 -0.01847158914546747 -2.7640804619680064
989 0.988 -0.01580539381235422 -2.567863760301398
990 0.989 -0.013336756716984624 -2.36896178121054
991 0.99 -0.011068369757916096 -2.1673612771057127
992 0.991 -0.00900293809727124 -1.9630489684405894
993 0.992 -0.007143180192710991 -1.7560115436799602
994 0.993 -0.005491827829439185 -1.5462356592673752
995 0.994 -0.004051626152240309 -1.3337079395928662
996 0.995 -0.002825333697549095 -1.118414976960635
997 0.996 -0.0018157224255523784 -0.9003433315567184
998 0.997 -0.0010255777523234572 -0.679479531416675
999 0.998 -0.00045769858198885563 -0.45581007239330984
1000 0.999 -0.00011489733892708188 -0.22932141812431356
1001 1.0 -0.0 -0.0
